# method4：FT-Transformer 训练集/验证集/测试集的 MSE/MAE/RMSE/R² 评估指标。
train:
  loss: 33.621504995114634
  mae: 3.7067659466317893
  rmse: 5.803236597137069
  r2: 0.7218509737767718
val:
  loss: 47.4808650858262
  mae: 4.760264583255934
  rmse: 6.884010747935325
  r2: 0.5517390933119105
test:
  loss: 67.11956981584137
  mae: 5.2373359653759035
  rmse: 8.001035964904299
  r2: 0.49278311362728344
