# method3：FT-Transformer 训练集/验证集/测试集的 MSE/MAE/RMSE/R² 评估指标。
train:
  loss: 113.82536334941129
  mae: 8.061199195759215
  rmse: 10.669017415238203
  r2: 0.39780002661831704
val:
  loss: 119.10676249727733
  mae: 8.291045850044906
  rmse: 10.912876590989292
  r2: 0.39411234157879704
test:
  loss: 124.71329221465479
  mae: 8.450047672786782
  rmse: 11.160682270851119
  r2: 0.36160045119636786
